39
3
70
87
45
69
30
75
2
76
35
80
95
68
18
94
61
3
79
46
89
18
23
0
54
16
11
0
95
42
93
34
45
15
74
42
84
4
17
38
32
5
18
28
25
37
74
86
92
6
85
33
24
8
86
30
24
97
83
71
39
76
58
84
44
32
27
28
88
96
67
72
1
37
0
27
26
27
65
71
33
50
56
9
10
42
39
86
39
22
58
78
51
16
15
95
0
94
75
40
90
94
12
44
84
65
23
62
92
40
33
77
43
90
86
53
84
77
92
24
0
50
54
3
66
21
50
18
15
77
58
58
24
22
54
8
87
77
70
31
69
56
8
12
98
46
18
82
24
10
58
76
60
13
31
78
86
81
96
2
10
6
12
34
28
66
94
16
95
17
47
64
73
8
29
23
6
47
5
30
57
64
58
17
29
89
47
15
70
95
69
81
1
81
67
29
99
62
97
94
79
97
11
4
57
40
27
63
87
32
94
96
48
52
13
29
94
12
45
64
7
66
97
8
0
65
89
99
27
39
46
58
36
9
62
93
49
89
8
88
73
2
84
74
7
49
3
1
61
0
17
20
67
15
80
67
32
69
18
11
60
16
69
96
25
83
41
74
24
50
14
49
4
98
23
63
47
27
16
60
27
34
80
46
1
60
13
85
30
84
96
42
0
17
39
78
0
32
4
76
34
19
25
91
17
49
54
17
76
71
77
55
57
58
2
58
18
67
43
0
3
91
43
56
8
34
34
60
18
38
36
53
57
13
44
27
62
50
44
90
21
73
46
78
31
0
88
50
67
83
2
71
26
45
27
86
31
13
46
50
51
34
3
61
48
99
40
62
49
36
53
23
9
51
1
41
51
42
43
70
77
97
93
4
43
72
90
74
85
89
76
89
75
79
2
75
30
94
38
80
30
43
3
91
94
56
84
97
50
79
19
28
77
13
84
72
37
26
98
75
15
75
16
43
6
70
18
37
64
56
17
46
51
20
89
97
28
74
94
79
53
66
7
82
31
43
54
68
69
53
95
85
28
11
28
34
33
98
71
97
7
40
95
58
12
85
56
41
11
2
20
16
20
79
99
51
22
53
72
91
58
67
28
38
31
8
25
64
7
48
14
14
89
61
24
1
98
32
42
9
35
62
26
7
93
77
59
15
82
31
7
41
50
87
79
33
96
4
50
55
53
16
21
94
77
45
95
76
78
38
37
65
52
63
72
46
92
83
13
75
14
72
16
17
60
47
2
56
4
52
63
57
68
84
51
98
29
98
74
59
88
11
24
93
27
49
39
19
32
4
46
99
77
62
16
37
62
70
45
66
23
8
23
43
92
26
41
73
76
67
33
65
79
9
58
58
58
49
29
91
53
76
90
30
90
58
67
52
28
64
18
3
24
93
47
68
71
88
42
48
56
27
65
87
36
23
97
47
24
26
38
77
54
80
8
97
38
27
49
18
44
20
22
68
13
69
37
37
9
31
37
17
58
2
4
46
77
53
45
1
32
83
78
86
15
38
83
53
18
85
24
62
5
46
82
70
67
19
59
76
50
96
94
60
98
50
59
27
4
4
28
36
40
7
74
55
97
10
61
15
95
85
29
52
31
12
22
98
83
82
26
86
30
20
46
81
23
57
8
79
62
37
15
2
96
41
9
93
51
70
61
98
7
42
50
38
54
25
88
38
59
15
76
89
87
74
70
62
32
79
41
94
16
56
48
64
50
57
9
1
80
70
0
87
13
50
78
19
75
18
9
34
85
85
76
73
60
46
35
92
77
29
38
45
85
38
9
35
47
19
89
27
41
89
67
6
91
45
26
19
15
35
5
1
73
33
26
85
80
61
29
9
90
67
55
28
57
16
15
4
35
56
84
29
97
51
35
89
48
61
60
63
49
17
16
74
51
42
59
83
56
88
92
98
7
47
26
64
64
94
20
51
50
4
80
48
7
16
89
7
29
1
23
30
18
39
4
69
82
15
52
38
55
97
36
62
44
15
78
60
61
51
12
63
7
44
63
15
12
52
74
94
5
97
24
24
89
81
45
23
48
50
13
4
47
1
18
43
68
49
4
29
0
68
93
7
12
56
74
77
61
1
71
66
50
95
42
39
28
88
62
77
38
27
33
37
29
3
80
97
52
84
27
4
4
72
64
17
80
90
94
41
91
17
60
42
12
2
33
93
42
48
22
32
75
55
69
4
58
2
54
63
86
33
67
43
5
83
12
37
74
6
31
17
23
91
59
87
93
45
32
88
93
54
20
20
9
90
77
20
