0
69
17
97
76
13
48
56
68
89
42
37
68
92
47
51
95
16
55
23
28
44
31
1
39
73
42
37
92
44
65
44
14
82
41
42
95
90
50
15
31
45
53
99
89
52
3
84
68
10
59
49
54
43
50
45
16
92
34
60
89
99
57
55
81
98
97
28
40
0
44
24
45
49
75
34
1
78
70
21
88
81
70
95
24
20
40
93
65
27
53
54
26
10
61
8
61
58
88
53
58
32
77
55
33
53
89
34
83
59
8
24
93
78
19
17
51
11
10
68
38
16
74
65
26
35
25
39
45
13
93
56
98
22
11
31
27
53
18
11
12
26
35
57
56
6
75
7
17
85
27
56
53
1
73
32
36
98
71
34
63
16
90
61
91
1
93
18
54
11
29
19
89
16
76
45
22
3
5
92
41
32
48
94
86
73
26
22
71
50
8
86
66
98
48
57
0
93
76
6
4
57
77
93
26
6
90
0
9
95
92
50
28
92
45
14
65
23
88
88
73
97
75
40
47
23
49
99
16
25
6
72
35
35
17
13
41
7
13
51
3
58
1
83
50
98
49
16
22
89
4
95
38
31
35
86
54
85
85
22
62
43
94
49
79
63
62
20
71
28
71
74
86
25
9
36
23
58
4
45
47
61
41
86
92
28
72
99
65
57
73
80
53
20
29
32
83
44
52
54
24
76
80
10
1
89
98
24
47
55
70
47
68
63
33
12
91
57
11
9
66
37
89
19
57
70
51
40
66
56
47
90
32
27
52
33
17
3
57
16
10
79
63
78
94
48
90
38
5
54
47
72
91
36
91
48
58
95
40
25
51
87
15
83
67
20
68
84
23
25
52
33
57
16
11
3
16
53
41
22
7
88
94
50
76
37
98
35
32
91
12
35
78
27
18
45
47
86
81
22
64
86
55
73
54
18
76
70
72
70
92
31
58
38
82
87
28
32
74
12
23
86
48
54
65
66
51
65
5
85
87
21
71
95
94
25
13
22
47
37
92
40
21
3
30
3
42
58
87
16
71
63
54
19
69
19
37
20
36
94
57
24
15
28
19
61
5
84
36
53
22
28
45
95
83
75
50
77
86
37
93
57
0
99
28
21
71
65
42
7
12
51
83
27
80
2
41
37
39
77
90
13
57
87
8
93
63
58
70
49
95
16
58
48
15
86
69
38
3
63
46
15
15
29
95
47
84
88
84
23
17
27
36
74
14
96
19
29
54
90
30
1
58
40
49
73
26
71
64
82
86
10
49
53
91
96
52
27
84
37
2
1
16
38
28
82
86
47
64
40
89
94
42
47
35
43
73
13
66
37
47
5
99
49
58
90
45
11
70
30
0
72
83
68
63
11
50
49
11
14
90
0
61
84
48
48
27
21
13
46
58
61
51
57
10
61
99
55
72
69
37
24
42
21
92
5
84
43
6
95
9
96
96
70
32
96
18
60
17
32
58
27
45
9
36
55
70
35
62
95
57
52
19
51
25
64
8
9
59
14
57
68
63
5
39
95
1
9
7
70
41
65
49
86
26
85
93
49
72
8
44
81
60
15
32
85
31
40
46
90
7
55
59
70
60
50
17
61
59
25
83
53
42
32
91
69
69
85
18
94
45
14
75
5
81
8
42
13
0
40
55
59
96
14
81
8
16
99
70
76
24
5
29
18
90
20
87
59
57
57
53
54
23
29
11
5
89
53
70
41
46
25
53
94
92
34
2
8
33
24
36
9
30
65
28
20
38
67
31
47
25
85
2
48
66
13
5
7
19
27
0
17
53
5
11
97
40
13
57
25
38
94
87
20
11
67
92
49
86
23
49
11
60
3
12
78
68
69
37
39
97
90
56
2
95
19
51
87
33
8
65
23
2
4
95
14
23
87
15
9
62
64
21
23
19
85
53
88
6
43
79
3
33
36
57
80
55
8
20
40
17
37
15
19
41
10
33
64
49
1
73
12
17
46
87
37
83
40
77
90
83
56
45
68
44
3
1
52
11
21
92
28
58
60
48
51
70
33
67
20
86
92
32
4
91
19
93
74
11
22
16
47
78
62
15
75
65
16
27
76
89
71
57
47
31
57
50
54
42
17
74
29
10
58
33
1
29
78
27
92
0
44
39
30
6
55
5
23
23
84
51
13
56
8
12
39
65
63
93
8
80
19
37
42
29
22
43
58
0
71
51
0
15
90
82
73
97
88
48
21
72
99
86
80
8
98
20
73
61
65
33
94
85
70
36
14
44
80
25
96
3
76
48
70
18
31
43
68
19
91
